Tempo;Politica;Status Finalizacao;Energia CPU;Energia Transmissoes;Tempo CPU;Tempo Transmissoes;Custo
314063;POLITICA2;TAREFA_CONCLUIDA;51840;1272771;13333;290347;1120425
334355;POLITICA2;TAREFA_CONCLUIDA;51840;1272771;13333;290347;1120425
343050;POLITICA2;TAREFA_CONCLUIDA;51840;1272771;13333;290347;1120425
349941;POLITICA2;TAREFA_CONCLUIDA;51840;1272771;13333;290347;1120425
357820;POLITICA2;TAREFA_CONCLUIDA;51840;1272771;13333;290347;1120425
363550;POLITICA2;TAREFA_CONCLUIDA;51840;1272771;13333;290347;1120425
376222;POLITICA2;TAREFA_CONCLUIDA;51840;1272771;13333;290347;1120425
386677;POLITICA2;TAREFA_CONCLUIDA;51840;1272771;13333;290347;1120425
396018;POLITICA2;TAREFA_CONCLUIDA;51840;1272771;13333;290347;1120425
403309;POLITICA2;TAREFA_CONCLUIDA;51840;1272771;13333;290347;1120425
414063;POLITICA2;TAREFA_CONCLUIDA;51840;1272771;13333;290347;1120425
417169;POLITICA2;TAREFA_CONCLUIDA;24502;1272771;26666;290347;1101221
417430;POLITICA2;TAREFA_CONCLUIDA;24502;1272771;26666;290347;1101221
418623;POLITICA2;TAREFA_CONCLUIDA;24502;1272771;26666;290347;1101221
422207;POLITICA2;TAREFA_CONCLUIDA;24502;1272771;26666;290347;1101221
422996;POLITICA2;TAREFA_CONCLUIDA;24502;1272771;26666;290347;1101221
422999;POLITICA2;TAREFA_CONCLUIDA;24502;1272771;26666;290347;1101221
425678;POLITICA2;TAREFA_CONCLUIDA;24502;1272771;26666;290347;1101221
426058;POLITICA2;TAREFA_CONCLUIDA;24502;1272771;26666;290347;1101221
427315;POLITICA2;TAREFA_CONCLUIDA;24502;1272771;26666;290347;1101221
631948;POLITICA2;TAREFA_CONCLUIDA;24502;1272771;26666;290347;1101221
651630;POLITICA2;TAREFA_CONCLUIDA;24502;1272771;26666;290347;1101221
660227;POLITICA2;TAREFA_CONCLUIDA;24502;1272771;26666;290347;1101221
668166;POLITICA2;TAREFA_CONCLUIDA;24502;1272771;26666;290347;1101221
675562;POLITICA2;TAREFA_CONCLUIDA;24502;1272771;26666;290347;1101221
683234;POLITICA2;TAREFA_CONCLUIDA;24502;1272771;26666;290347;1101221
693901;POLITICA2;TAREFA_CONCLUIDA;24502;1272771;26666;290347;1101221
698312;POLITICA3;TAREFA_CONCLUIDA;98928;2332417;7142;580628;2062630
702705;POLITICA3;TAREFA_CONCLUIDA;98928;2332417;7142;580628;2062630
705575;POLITICA2;TAREFA_CONCLUIDA;24502;1272771;26666;290347;1101221
707153;POLITICA3;TAREFA_CONCLUIDA;98928;2332417;7142;580628;2062630
711264;POLITICA3;TAREFA_CONCLUIDA;98928;2332417;7142;580628;2062630
713212;POLITICA3;TAREFA_CONCLUIDA;98928;2332417;7142;580628;2062630
713643;POLITICA2;TAREFA_CONCLUIDA;24502;1272771;26666;290347;1101221
714782;POLITICA3;TAREFA_CONCLUIDA;98928;2332417;7142;580628;2062630
714960;POLITICA3;TAREFA_CONCLUIDA;98928;2332417;7142;580628;2062630
716431;POLITICA3;TAREFA_CANCELADA;124512;2332417;5128;580628;2082695
716454;POLITICA3;TAREFA_CONCLUIDA;98928;2332417;7142;580628;2062630
718373;POLITICA3;TAREFA_CONCLUIDA;98928;2332417;7142;580628;2062630
718804;POLITICA3;TAREFA_CONCLUIDA;98928;2332417;7142;580628;2062630
719018;POLITICA3;TAREFA_CONCLUIDA;98928;2332417;7142;580628;2062630
721519;POLITICA3;TAREFA_CONCLUIDA;98928;2332417;7142;580628;2062630
722207;POLITICA2;TAREFA_CONCLUIDA;24502;1272771;26666;290347;1101221
722387;POLITICA3;TAREFA_CONCLUIDA;98928;2332417;7142;580628;2062630
722730;POLITICA3;TAREFA_CONCLUIDA;98928;2332417;7142;580628;2062630
723622;POLITICA3;TAREFA_CONCLUIDA;98928;2332417;7142;580628;2062630
724040;POLITICA3;TAREFA_CONCLUIDA;98928;2332417;7142;580628;2062630
724595;POLITICA3;TAREFA_CONCLUIDA;98928;2332417;7142;580628;2062630
725126;POLITICA3;TAREFA_CANCELADA;124512;2332417;5128;580628;2082695
726196;POLITICA3;TAREFA_CONCLUIDA;98928;2332417;7142;580628;2062630
727915;POLITICA3;TAREFA_CONCLUIDA;98928;2332417;7142;580628;2062630
728569;POLITICA3;TAREFA_CONCLUIDA;98928;2332417;7142;580628;2062630
729060;POLITICA3;TAREFA_CONCLUIDA;98928;2332417;7142;580628;2062630
729474;POLITICA3;TAREFA_CONCLUIDA;98928;2332417;7142;580628;2062630
729835;POLITICA3;TAREFA_CONCLUIDA;98928;2332417;7142;580628;2062630
730008;POLITICA3;TAREFA_CONCLUIDA;98928;2332417;7142;580628;2062630
730984;POLITICA3;TAREFA_CONCLUIDA;98928;2332417;7142;580628;2062630
731948;POLITICA2;TAREFA_CONCLUIDA;24502;1272771;26666;290347;1101221
732017;POLITICA3;TAREFA_CANCELADA;124512;2332417;5128;580628;2082695
732039;POLITICA3;TAREFA_CONCLUIDA;98928;2332417;7142;580628;2062630
732254;POLITICA3;TAREFA_CONCLUIDA;98928;2332417;7142;580628;2062630
734355;POLITICA2;TAREFA_CONCLUIDA;51840;1272771;13333;290347;1120425
734452;POLITICA3;TAREFA_CONCLUIDA;98928;2332417;7142;580628;2062630
734565;POLITICA3;TAREFA_CONCLUIDA;98928;2332417;7142;580628;2062630
736394;POLITICA3;TAREFA_CONCLUIDA;98928;2332417;7142;580628;2062630
736396;POLITICA2;TAREFA_CONCLUIDA;24502;1272771;26666;290347;1101221
737342;POLITICA3;TAREFA_CONCLUIDA;98928;2332417;7142;580628;2062630
738923;POLITICA3;TAREFA_CONCLUIDA;98928;2332417;7142;580628;2062630
739577;POLITICA3;TAREFA_CONCLUIDA;98928;2332417;7142;580628;2062630
739896;POLITICA3;TAREFA_CANCELADA;124512;2332417;5128;580628;2082695
740029;POLITICA3;TAREFA_CONCLUIDA;98928;2332417;7142;580628;2062630
740507;POLITICA2;TAREFA_CONCLUIDA;24502;1272771;26666;290347;1101221
740842;POLITICA3;TAREFA_CONCLUIDA;98928;2332417;7142;580628;2062630
741434;POLITICA3;TAREFA_CONCLUIDA;98928;2332417;7142;580628;2062630
742455;POLITICA2;TAREFA_CONCLUIDA;24502;1272771;26666;290347;1101221
743363;POLITICA3;TAREFA_CONCLUIDA;98928;2332417;7142;580628;2062630
743618;POLITICA3;TAREFA_CONCLUIDA;98928;2332417;7142;580628;2062630
743870;POLITICA3;TAREFA_CONCLUIDA;98928;2332417;7142;580628;2062630
743922;POLITICA3;TAREFA_CONCLUIDA;98928;2332417;7142;580628;2062630
744025;POLITICA2;TAREFA_CONCLUIDA;24502;1272771;26666;290347;1101221
744079;POLITICA3;TAREFA_CONCLUIDA;98928;2332417;7142;580628;2062630
744203;POLITICA2;TAREFA_CONCLUIDA;24502;1272771;26666;290347;1101221
744277;POLITICA3;TAREFA_CONCLUIDA;98928;2332417;7142;580628;2062630
745269;POLITICA3;TAREFA_CONCLUIDA;98928;2332417;7142;580628;2062630
745626;POLITICA3;TAREFA_CANCELADA;124512;2332417;5128;580628;2082695
745697;POLITICA2;TAREFA_CONCLUIDA;24502;1272771;26666;290347;1101221
746319;POLITICA3;TAREFA_CONCLUIDA;98928;2332417;7142;580628;2062630
746764;POLITICA3;TAREFA_CONCLUIDA;98928;2332417;7142;580628;2062630
747616;POLITICA2;TAREFA_CONCLUIDA;24502;1272771;26666;290347;1101221
748047;POLITICA2;TAREFA_CONCLUIDA;24502;1272771;26666;290347;1101221
748114;POLITICA3;TAREFA_CONCLUIDA;98928;2332417;7142;580628;2062630
748419;POLITICA3;TAREFA_CONCLUIDA;98928;2332417;7142;580628;2062630
748913;POLITICA3;TAREFA_CONCLUIDA;98928;2332417;7142;580628;2062630
749114;POLITICA3;TAREFA_CONCLUIDA;98928;2332417;7142;580628;2062630
751023;POLITICA3;TAREFA_CONCLUIDA;98928;2332417;7142;580628;2062630
753991;POLITICA3;TAREFA_CONCLUIDA;98928;2332417;7142;580628;2062630
756140;POLITICA3;TAREFA_CONCLUIDA;98928;2332417;7142;580628;2062630
758066;POLITICA3;TAREFA_CONCLUIDA;98928;2332417;7142;580628;2062630
758298;POLITICA3;TAREFA_CANCELADA;124512;2332417;5128;580628;2082695
760234;POLITICA3;TAREFA_CONCLUIDA;98928;2332417;7142;580628;2062630
760525;POLITICA3;TAREFA_CONCLUIDA;98928;2332417;7142;580628;2062630
761587;POLITICA3;TAREFA_CONCLUIDA;98928;2332417;7142;580628;2062630
762459;POLITICA3;TAREFA_CONCLUIDA;98928;2332417;7142;580628;2062630
762734;POLITICA3;TAREFA_CONCLUIDA;98928;2332417;7142;580628;2062630
763506;POLITICA3;TAREFA_CONCLUIDA;98928;2332417;7142;580628;2062630
763690;POLITICA3;TAREFA_CONCLUIDA;98928;2332417;7142;580628;2062630
764658;POLITICA3;TAREFA_CONCLUIDA;98928;2332417;7142;580628;2062630
765819;POLITICA3;TAREFA_CONCLUIDA;98928;2332417;7142;580628;2062630
768294;POLITICA3;TAREFA_CONCLUIDA;98928;2332417;7142;580628;2062630
768753;POLITICA3;TAREFA_CANCELADA;124512;2332417;5128;580628;2082695
771486;POLITICA3;TAREFA_CONCLUIDA;98928;2332417;7142;580628;2062630
772093;POLITICA3;TAREFA_CONCLUIDA;98928;2332417;7142;580628;2062630
773839;POLITICA3;TAREFA_CONCLUIDA;98928;2332417;7142;580628;2062630
774024;POLITICA3;TAREFA_CONCLUIDA;98928;2332417;7142;580628;2062630
776332;POLITICA3;TAREFA_CONCLUIDA;98928;2332417;7142;580628;2062630
776617;POLITICA3;TAREFA_CONCLUIDA;98928;2332417;7142;580628;2062630
778094;POLITICA3;TAREFA_CANCELADA;124512;2332417;5128;580628;2082695
778165;POLITICA3;TAREFA_CONCLUIDA;98928;2332417;7142;580628;2062630
778251;POLITICA3;TAREFA_CONCLUIDA;98928;2332417;7142;580628;2062630
779756;POLITICA3;TAREFA_CONCLUIDA;98928;2332417;7142;580628;2062630
780386;POLITICA3;TAREFA_CONCLUIDA;98928;2332417;7142;580628;2062630
781605;POLITICA3;TAREFA_CONCLUIDA;98928;2332417;7142;580628;2062630
784400;POLITICA3;TAREFA_CONCLUIDA;98928;2332417;7142;580628;2062630
784976;POLITICA3;TAREFA_CONCLUIDA;98928;2332417;7142;580628;2062630
785385;POLITICA3;TAREFA_CANCELADA;124512;2332417;5128;580628;2082695
785943;POLITICA3;TAREFA_CONCLUIDA;98928;2332417;7142;580628;2062630
785994;POLITICA3;TAREFA_CONCLUIDA;98928;2332417;7142;580628;2062630
786071;POLITICA3;TAREFA_CONCLUIDA;98928;2332417;7142;580628;2062630
786841;POLITICA3;TAREFA_CONCLUIDA;98928;2332417;7142;580628;2062630
787387;POLITICA3;TAREFA_CONCLUIDA;98928;2332417;7142;580628;2062630
787926;POLITICA3;TAREFA_CONCLUIDA;98928;2332417;7142;580628;2062630
788187;POLITICA3;TAREFA_CONCLUIDA;98928;2332417;7142;580628;2062630
789380;POLITICA3;TAREFA_CONCLUIDA;98928;2332417;7142;580628;2062630
792964;POLITICA3;TAREFA_CONCLUIDA;98928;2332417;7142;580628;2062630
793753;POLITICA3;TAREFA_CONCLUIDA;98928;2332417;7142;580628;2062630
793756;POLITICA3;TAREFA_CONCLUIDA;98928;2332417;7142;580628;2062630
796139;POLITICA3;TAREFA_CANCELADA;124512;2332417;5128;580628;2082695
796435;POLITICA3;TAREFA_CONCLUIDA;98928;2332417;7142;580628;2062630
796815;POLITICA3;TAREFA_CONCLUIDA;98928;2332417;7142;580628;2062630
798072;POLITICA3;TAREFA_CONCLUIDA;98928;2332417;7142;580628;2062630
798312;POLITICA3;TAREFA_CONCLUIDA;98928;2332417;7142;580628;2062630
802705;POLITICA3;TAREFA_CONCLUIDA;98928;2332417;7142;580628;2062630
807153;POLITICA3;TAREFA_CONCLUIDA;98928;2332417;7142;580628;2062630
811264;POLITICA3;TAREFA_CONCLUIDA;98928;2332417;7142;580628;2062630
813212;POLITICA3;TAREFA_CONCLUIDA;98928;2332417;7142;580628;2062630
814782;POLITICA3;TAREFA_CONCLUIDA;98928;2332417;7142;580628;2062630
814960;POLITICA3;TAREFA_CONCLUIDA;98928;2332417;7142;580628;2062630
816431;POLITICA3;TAREFA_CANCELADA;124512;2332417;5128;580628;2082695
816454;POLITICA3;TAREFA_CONCLUIDA;98928;2332417;7142;580628;2062630
818373;POLITICA3;TAREFA_CONCLUIDA;98928;2332417;7142;580628;2062630
818804;POLITICA3;TAREFA_CONCLUIDA;98928;2332417;7142;580628;2062630
819018;POLITICA3;TAREFA_CONCLUIDA;98928;2332417;7142;580628;2062630
821519;POLITICA3;TAREFA_CONCLUIDA;98928;2332417;7142;580628;2062630
822387;POLITICA3;TAREFA_CONCLUIDA;98928;2332417;7142;580628;2062630
822730;POLITICA3;TAREFA_CONCLUIDA;98928;2332417;7142;580628;2062630
823622;POLITICA3;TAREFA_CONCLUIDA;98928;2332417;7142;580628;2062630
824040;POLITICA3;TAREFA_CONCLUIDA;98928;2332417;7142;580628;2062630
824595;POLITICA3;TAREFA_CONCLUIDA;98928;2332417;7142;580628;2062630
825126;POLITICA3;TAREFA_CANCELADA;124512;2332417;5128;580628;2082695
826196;POLITICA3;TAREFA_CONCLUIDA;98928;2332417;7142;580628;2062630
827915;POLITICA3;TAREFA_CONCLUIDA;98928;2332417;7142;580628;2062630
828569;POLITICA3;TAREFA_CONCLUIDA;98928;2332417;7142;580628;2062630
829060;POLITICA3;TAREFA_CONCLUIDA;98928;2332417;7142;580628;2062630
829474;POLITICA3;TAREFA_CONCLUIDA;98928;2332417;7142;580628;2062630
829835;POLITICA3;TAREFA_CONCLUIDA;98928;2332417;7142;580628;2062630
830008;POLITICA3;TAREFA_CONCLUIDA;98928;2332417;7142;580628;2062630
830984;POLITICA3;TAREFA_CONCLUIDA;98928;2332417;7142;580628;2062630
832017;POLITICA3;TAREFA_CANCELADA;124512;2332417;5128;580628;2082695
832039;POLITICA3;TAREFA_CONCLUIDA;98928;2332417;7142;580628;2062630
832254;POLITICA3;TAREFA_CONCLUIDA;98928;2332417;7142;580628;2062630
834452;POLITICA3;TAREFA_CONCLUIDA;98928;2332417;7142;580628;2062630
834565;POLITICA3;TAREFA_CONCLUIDA;98928;2332417;7142;580628;2062630
836394;POLITICA3;TAREFA_CONCLUIDA;98928;2332417;7142;580628;2062630
837342;POLITICA3;TAREFA_CONCLUIDA;98928;2332417;7142;580628;2062630
838923;POLITICA3;TAREFA_CONCLUIDA;98928;2332417;7142;580628;2062630
839577;POLITICA3;TAREFA_CONCLUIDA;98928;2332417;7142;580628;2062630
839896;POLITICA3;TAREFA_CANCELADA;124512;2332417;5128;580628;2082695
840029;POLITICA3;TAREFA_CONCLUIDA;98928;2332417;7142;580628;2062630
840842;POLITICA3;TAREFA_CONCLUIDA;98928;2332417;7142;580628;2062630
841434;POLITICA3;TAREFA_CONCLUIDA;98928;2332417;7142;580628;2062630
843363;POLITICA3;TAREFA_CONCLUIDA;98928;2332417;7142;580628;2062630
843618;POLITICA3;TAREFA_CONCLUIDA;98928;2332417;7142;580628;2062630
843870;POLITICA3;TAREFA_CONCLUIDA;98928;2332417;7142;580628;2062630
843922;POLITICA3;TAREFA_CONCLUIDA;98928;2332417;7142;580628;2062630
844079;POLITICA3;TAREFA_CONCLUIDA;98928;2332417;7142;580628;2062630
844277;POLITICA3;TAREFA_CONCLUIDA;98928;2332417;7142;580628;2062630
845269;POLITICA3;TAREFA_CONCLUIDA;98928;2332417;7142;580628;2062630
845626;POLITICA3;TAREFA_CANCELADA;124512;2332417;5128;580628;2082695
846319;POLITICA3;TAREFA_CONCLUIDA;98928;2332417;7142;580628;2062630
846764;POLITICA3;TAREFA_CONCLUIDA;98928;2332417;7142;580628;2062630
848114;POLITICA3;TAREFA_CONCLUIDA;98928;2332417;7142;580628;2062630
848419;POLITICA3;TAREFA_CONCLUIDA;98928;2332417;7142;580628;2062630
848913;POLITICA3;TAREFA_CONCLUIDA;98928;2332417;7142;580628;2062630
849114;POLITICA3;TAREFA_CONCLUIDA;98928;2332417;7142;580628;2062630
851023;POLITICA3;TAREFA_CONCLUIDA;98928;2332417;7142;580628;2062630
853991;POLITICA3;TAREFA_CONCLUIDA;98928;2332417;7142;580628;2062630
856140;POLITICA3;TAREFA_CONCLUIDA;98928;2332417;7142;580628;2062630
858066;POLITICA3;TAREFA_CONCLUIDA;98928;2332417;7142;580628;2062630
858298;POLITICA3;TAREFA_CANCELADA;124512;2332417;5128;580628;2082695
860234;POLITICA3;TAREFA_CONCLUIDA;98928;2332417;7142;580628;2062630
860525;POLITICA3;TAREFA_CONCLUIDA;98928;2332417;7142;580628;2062630
861587;POLITICA3;TAREFA_CONCLUIDA;98928;2332417;7142;580628;2062630
862459;POLITICA3;TAREFA_CONCLUIDA;98928;2332417;7142;580628;2062630
862734;POLITICA3;TAREFA_CONCLUIDA;98928;2332417;7142;580628;2062630
863506;POLITICA3;TAREFA_CONCLUIDA;98928;2332417;7142;580628;2062630
863690;POLITICA3;TAREFA_CONCLUIDA;98928;2332417;7142;580628;2062630
864658;POLITICA3;TAREFA_CONCLUIDA;98928;2332417;7142;580628;2062630
865819;POLITICA3;TAREFA_CONCLUIDA;98928;2332417;7142;580628;2062630
868294;POLITICA3;TAREFA_CONCLUIDA;98928;2332417;7142;580628;2062630
868753;POLITICA3;TAREFA_CANCELADA;124512;2332417;5128;580628;2082695
871486;POLITICA3;TAREFA_CONCLUIDA;98928;2332417;7142;580628;2062630
872093;POLITICA3;TAREFA_CONCLUIDA;98928;2332417;7142;580628;2062630
873839;POLITICA3;TAREFA_CONCLUIDA;98928;2332417;7142;580628;2062630
874024;POLITICA3;TAREFA_CONCLUIDA;98928;2332417;7142;580628;2062630
876332;POLITICA3;TAREFA_CONCLUIDA;98928;2332417;7142;580628;2062630
876617;POLITICA3;TAREFA_CONCLUIDA;98928;2332417;7142;580628;2062630
878094;POLITICA3;TAREFA_CANCELADA;124512;2332417;5128;580628;2082695
878165;POLITICA3;TAREFA_CONCLUIDA;98928;2332417;7142;580628;2062630
878251;POLITICA3;TAREFA_CONCLUIDA;98928;2332417;7142;580628;2062630
879756;POLITICA3;TAREFA_CONCLUIDA;98928;2332417;7142;580628;2062630
880386;POLITICA3;TAREFA_CONCLUIDA;98928;2332417;7142;580628;2062630
881605;POLITICA3;TAREFA_CONCLUIDA;98928;2332417;7142;580628;2062630
884400;POLITICA3;TAREFA_CONCLUIDA;98928;2332417;7142;580628;2062630
884976;POLITICA3;TAREFA_CONCLUIDA;98928;2332417;7142;580628;2062630
885385;POLITICA3;TAREFA_CANCELADA;124512;2332417;5128;580628;2082695
885943;POLITICA3;TAREFA_CONCLUIDA;98928;2332417;7142;580628;2062630
885994;POLITICA3;TAREFA_CONCLUIDA;98928;2332417;7142;580628;2062630
886071;POLITICA3;TAREFA_CONCLUIDA;98928;2332417;7142;580628;2062630
886841;POLITICA3;TAREFA_CONCLUIDA;98928;2332417;7142;580628;2062630
887387;POLITICA3;TAREFA_CONCLUIDA;98928;2332417;7142;580628;2062630
887926;POLITICA3;TAREFA_CONCLUIDA;98928;2332417;7142;580628;2062630
888187;POLITICA3;TAREFA_CONCLUIDA;98928;2332417;7142;580628;2062630
889380;POLITICA3;TAREFA_CONCLUIDA;98928;2332417;7142;580628;2062630
892964;POLITICA3;TAREFA_CONCLUIDA;98928;2332417;7142;580628;2062630
893753;POLITICA3;TAREFA_CONCLUIDA;98928;2332417;7142;580628;2062630
893756;POLITICA3;TAREFA_CONCLUIDA;98928;2332417;7142;580628;2062630
896139;POLITICA3;TAREFA_CANCELADA;124512;2332417;5128;580628;2082695
896435;POLITICA3;TAREFA_CONCLUIDA;98928;2332417;7142;580628;2062630
896815;POLITICA3;TAREFA_CONCLUIDA;98928;2332417;7142;580628;2062630
898072;POLITICA3;TAREFA_CONCLUIDA;98928;2332417;7142;580628;2062630
898312;POLITICA3;TAREFA_CONCLUIDA;98928;2332417;7142;580628;2062630
907153;POLITICA3;TAREFA_CONCLUIDA;98928;2332417;7142;580628;2062630
911264;POLITICA3;TAREFA_CONCLUIDA;98928;2332417;7142;580628;2062630
913212;POLITICA3;TAREFA_CONCLUIDA;98928;2332417;7142;580628;2062630
914782;POLITICA3;TAREFA_CONCLUIDA;98928;2332417;7142;580628;2062630
914960;POLITICA3;TAREFA_CONCLUIDA;98928;2332417;7142;580628;2062630
916431;POLITICA3;TAREFA_CANCELADA;124512;2332417;5128;580628;2082695
916454;POLITICA3;TAREFA_CONCLUIDA;98928;2332417;7142;580628;2062630
918373;POLITICA3;TAREFA_CONCLUIDA;98928;2332417;7142;580628;2062630
918804;POLITICA3;TAREFA_CONCLUIDA;98928;2332417;7142;580628;2062630
919018;POLITICA3;TAREFA_CONCLUIDA;98928;2332417;7142;580628;2062630
921519;POLITICA3;TAREFA_CONCLUIDA;98928;2332417;7142;580628;2062630
922730;POLITICA3;TAREFA_CONCLUIDA;98928;2332417;7142;580628;2062630
923622;POLITICA3;TAREFA_CONCLUIDA;98928;2332417;7142;580628;2062630
924040;POLITICA3;TAREFA_CONCLUIDA;98928;2332417;7142;580628;2062630
924595;POLITICA3;TAREFA_CONCLUIDA;98928;2332417;7142;580628;2062630
925126;POLITICA3;TAREFA_CANCELADA;124512;2332417;5128;580628;2082695
926196;POLITICA3;TAREFA_CONCLUIDA;98928;2332417;7142;580628;2062630
927915;POLITICA3;TAREFA_CONCLUIDA;98928;2332417;7142;580628;2062630
928569;POLITICA3;TAREFA_CONCLUIDA;98928;2332417;7142;580628;2062630
929060;POLITICA3;TAREFA_CONCLUIDA;98928;2332417;7142;580628;2062630
929474;POLITICA3;TAREFA_CONCLUIDA;98928;2332417;7142;580628;2062630
929835;POLITICA3;TAREFA_CONCLUIDA;98928;2332417;7142;580628;2062630
930008;POLITICA3;TAREFA_CONCLUIDA;98928;2332417;7142;580628;2062630
932017;POLITICA3;TAREFA_CANCELADA;124512;2332417;5128;580628;2082695
932039;POLITICA3;TAREFA_CONCLUIDA;98928;2332417;7142;580628;2062630
932254;POLITICA3;TAREFA_CONCLUIDA;98928;2332417;7142;580628;2062630
934452;POLITICA3;TAREFA_CONCLUIDA;98928;2332417;7142;580628;2062630
934565;POLITICA3;TAREFA_CONCLUIDA;98928;2332417;7142;580628;2062630
936394;POLITICA3;TAREFA_CONCLUIDA;98928;2332417;7142;580628;2062630
937342;POLITICA3;TAREFA_CONCLUIDA;98928;2332417;7142;580628;2062630
939577;POLITICA3;TAREFA_CONCLUIDA;98928;2332417;7142;580628;2062630
939896;POLITICA3;TAREFA_CANCELADA;124512;2332417;5128;580628;2082695
940029;POLITICA3;TAREFA_CONCLUIDA;98928;2332417;7142;580628;2062630
940842;POLITICA3;TAREFA_CONCLUIDA;98928;2332417;7142;580628;2062630
941434;POLITICA3;TAREFA_CONCLUIDA;98928;2332417;7142;580628;2062630
943363;POLITICA3;TAREFA_CONCLUIDA;98928;2332417;7142;580628;2062630
943618;POLITICA3;TAREFA_CONCLUIDA;98928;2332417;7142;580628;2062630
943870;POLITICA3;TAREFA_CONCLUIDA;98928;2332417;7142;580628;2062630
943922;POLITICA3;TAREFA_CONCLUIDA;98928;2332417;7142;580628;2062630
944079;POLITICA3;TAREFA_CONCLUIDA;98928;2332417;7142;580628;2062630
944277;POLITICA3;TAREFA_CONCLUIDA;98928;2332417;7142;580628;2062630
945269;POLITICA3;TAREFA_CONCLUIDA;98928;2332417;7142;580628;2062630
945626;POLITICA3;TAREFA_CANCELADA;124512;2332417;5128;580628;2082695
946764;POLITICA3;TAREFA_CONCLUIDA;98928;2332417;7142;580628;2062630
948114;POLITICA3;TAREFA_CONCLUIDA;98928;2332417;7142;580628;2062630
948419;POLITICA3;TAREFA_CONCLUIDA;98928;2332417;7142;580628;2062630
948913;POLITICA3;TAREFA_CONCLUIDA;98928;2332417;7142;580628;2062630
949114;POLITICA3;TAREFA_CONCLUIDA;98928;2332417;7142;580628;2062630
951023;POLITICA3;TAREFA_CONCLUIDA;98928;2332417;7142;580628;2062630
956140;POLITICA3;TAREFA_CONCLUIDA;98928;2332417;7142;580628;2062630
958066;POLITICA3;TAREFA_CONCLUIDA;98928;2332417;7142;580628;2062630
958298;POLITICA3;TAREFA_CANCELADA;124512;2332417;5128;580628;2082695
960234;POLITICA3;TAREFA_CONCLUIDA;98928;2332417;7142;580628;2062630
960525;POLITICA3;TAREFA_CONCLUIDA;98928;2332417;7142;580628;2062630
961587;POLITICA3;TAREFA_CONCLUIDA;98928;2332417;7142;580628;2062630
962459;POLITICA3;TAREFA_CONCLUIDA;98928;2332417;7142;580628;2062630
962734;POLITICA3;TAREFA_CONCLUIDA;98928;2332417;7142;580628;2062630
963506;POLITICA3;TAREFA_CONCLUIDA;98928;2332417;7142;580628;2062630
963690;POLITICA3;TAREFA_CONCLUIDA;98928;2332417;7142;580628;2062630
965819;POLITICA3;TAREFA_CONCLUIDA;98928;2332417;7142;580628;2062630
968294;POLITICA3;TAREFA_CONCLUIDA;98928;2332417;7142;580628;2062630
968753;POLITICA3;TAREFA_CANCELADA;124512;2332417;5128;580628;2082695
971486;POLITICA3;TAREFA_CONCLUIDA;98928;2332417;7142;580628;2062630
972093;POLITICA3;TAREFA_CONCLUIDA;98928;2332417;7142;580628;2062630
973839;POLITICA3;TAREFA_CONCLUIDA;98928;2332417;7142;580628;2062630
974024;POLITICA3;TAREFA_CONCLUIDA;98928;2332417;7142;580628;2062630
976617;POLITICA3;TAREFA_CONCLUIDA;98928;2332417;7142;580628;2062630
978094;POLITICA3;TAREFA_CANCELADA;124512;2332417;5128;580628;2082695
978165;POLITICA3;TAREFA_CONCLUIDA;98928;2332417;7142;580628;2062630
978251;POLITICA3;TAREFA_CONCLUIDA;98928;2332417;7142;580628;2062630
979756;POLITICA3;TAREFA_CONCLUIDA;98928;2332417;7142;580628;2062630
980386;POLITICA3;TAREFA_CONCLUIDA;98928;2332417;7142;580628;2062630
981605;POLITICA3;TAREFA_CONCLUIDA;98928;2332417;7142;580628;2062630
984976;POLITICA3;TAREFA_CONCLUIDA;98928;2332417;7142;580628;2062630
985385;POLITICA3;TAREFA_CANCELADA;124512;2332417;5128;580628;2082695
985943;POLITICA3;TAREFA_CONCLUIDA;98928;2332417;7142;580628;2062630
985994;POLITICA3;TAREFA_CONCLUIDA;98928;2332417;7142;580628;2062630
986071;POLITICA3;TAREFA_CONCLUIDA;98928;2332417;7142;580628;2062630
986841;POLITICA3;TAREFA_CONCLUIDA;98928;2332417;7142;580628;2062630
987387;POLITICA3;TAREFA_CONCLUIDA;98928;2332417;7142;580628;2062630
987926;POLITICA3;TAREFA_CONCLUIDA;98928;2332417;7142;580628;2062630
988187;POLITICA3;TAREFA_CONCLUIDA;98928;2332417;7142;580628;2062630
989380;POLITICA3;TAREFA_CONCLUIDA;98928;2332417;7142;580628;2062630
993753;POLITICA3;TAREFA_CONCLUIDA;98928;2332417;7142;580628;2062630
993756;POLITICA3;TAREFA_CONCLUIDA;98928;2332417;7142;580628;2062630
996139;POLITICA3;TAREFA_CANCELADA;124512;2332417;5128;580628;2082695
996435;POLITICA3;TAREFA_CONCLUIDA;98928;2332417;7142;580628;2062630
996815;POLITICA3;TAREFA_CONCLUIDA;98928;2332417;7142;580628;2062630
998072;POLITICA3;TAREFA_CONCLUIDA;98928;2332417;7142;580628;2062630
998312;POLITICA3;TAREFA_CONCLUIDA;98928;2332417;7142;580628;2062630
1019018;POLITICA3;TAREFA_CONCLUIDA;98928;2332417;7142;580628;2062630
1021519;POLITICA3;TAREFA_CONCLUIDA;98928;2332417;7142;580628;2062630
1022387;POLITICA3;TAREFA_CONCLUIDA;98928;2332417;7142;580628;2062630
1022730;POLITICA3;TAREFA_CONCLUIDA;98928;2332417;7142;580628;2062630
1023622;POLITICA3;TAREFA_CONCLUIDA;98928;2332417;7142;580628;2062630
1024040;POLITICA3;TAREFA_CONCLUIDA;98928;2332417;7142;580628;2062630
1024595;POLITICA3;TAREFA_CONCLUIDA;98928;2332417;7142;580628;2062630
1025126;POLITICA3;TAREFA_CANCELADA;124512;2332417;5128;580628;2082695
1026196;POLITICA3;TAREFA_CONCLUIDA;98928;2332417;7142;580628;2062630
1027915;POLITICA3;TAREFA_CONCLUIDA;98928;2332417;7142;580628;2062630
1028569;POLITICA3;TAREFA_CONCLUIDA;98928;2332417;7142;580628;2062630
1029060;POLITICA3;TAREFA_CONCLUIDA;98928;2332417;7142;580628;2062630
1029474;POLITICA3;TAREFA_CONCLUIDA;98928;2332417;7142;580628;2062630
1029835;POLITICA3;TAREFA_CONCLUIDA;98928;2332417;7142;580628;2062630
1030008;POLITICA3;TAREFA_CONCLUIDA;98928;2332417;7142;580628;2062630
1030984;POLITICA3;TAREFA_CONCLUIDA;98928;2332417;7142;580628;2062630
1032017;POLITICA3;TAREFA_CANCELADA;124512;2332417;5128;580628;2082695
1032039;POLITICA3;TAREFA_CONCLUIDA;98928;2332417;7142;580628;2062630
1032254;POLITICA3;TAREFA_CONCLUIDA;98928;2332417;7142;580628;2062630
1034452;POLITICA3;TAREFA_CONCLUIDA;98928;2332417;7142;580628;2062630
1034565;POLITICA3;TAREFA_CONCLUIDA;98928;2332417;7142;580628;2062630
1036394;POLITICA3;TAREFA_CONCLUIDA;98928;2332417;7142;580628;2062630
1037342;POLITICA3;TAREFA_CONCLUIDA;98928;2332417;7142;580628;2062630
1038923;POLITICA3;TAREFA_CONCLUIDA;98928;2332417;7142;580628;2062630
1039577;POLITICA3;TAREFA_CONCLUIDA;98928;2332417;7142;580628;2062630
1039896;POLITICA3;TAREFA_CANCELADA;124512;2332417;5128;580628;2082695
1040029;POLITICA3;TAREFA_CONCLUIDA;98928;2332417;7142;580628;2062630
1040842;POLITICA3;TAREFA_CONCLUIDA;98928;2332417;7142;580628;2062630
1041434;POLITICA3;TAREFA_CONCLUIDA;98928;2332417;7142;580628;2062630
1043363;POLITICA3;TAREFA_CONCLUIDA;98928;2332417;7142;580628;2062630
1043618;POLITICA3;TAREFA_CONCLUIDA;98928;2332417;7142;580628;2062630
1043870;POLITICA3;TAREFA_CONCLUIDA;98928;2332417;7142;580628;2062630
1043922;POLITICA3;TAREFA_CONCLUIDA;98928;2332417;7142;580628;2062630
1044079;POLITICA3;TAREFA_CONCLUIDA;98928;2332417;7142;580628;2062630
1044277;POLITICA3;TAREFA_CONCLUIDA;98928;2332417;7142;580628;2062630
1045269;POLITICA3;TAREFA_CONCLUIDA;98928;2332417;7142;580628;2062630
1045626;POLITICA3;TAREFA_CANCELADA;124512;2332417;5128;580628;2082695
1046319;POLITICA3;TAREFA_CONCLUIDA;98928;2332417;7142;580628;2062630
1046764;POLITICA3;TAREFA_CONCLUIDA;98928;2332417;7142;580628;2062630
1048114;POLITICA3;TAREFA_CONCLUIDA;98928;2332417;7142;580628;2062630
1048419;POLITICA3;TAREFA_CONCLUIDA;98928;2332417;7142;580628;2062630
1048913;POLITICA3;TAREFA_CONCLUIDA;98928;2332417;7142;580628;2062630
1049114;POLITICA3;TAREFA_CONCLUIDA;98928;2332417;7142;580628;2062630
1051023;POLITICA3;TAREFA_CONCLUIDA;98928;2332417;7142;580628;2062630
1053991;POLITICA3;TAREFA_CONCLUIDA;98928;2332417;7142;580628;2062630
1056140;POLITICA3;TAREFA_CONCLUIDA;98928;2332417;7142;580628;2062630
1058066;POLITICA3;TAREFA_CONCLUIDA;98928;2332417;7142;580628;2062630
1058298;POLITICA3;TAREFA_CANCELADA;124512;2332417;5128;580628;2082695
1060234;POLITICA3;TAREFA_CONCLUIDA;98928;2332417;7142;580628;2062630
1060525;POLITICA3;TAREFA_CONCLUIDA;98928;2332417;7142;580628;2062630
1061587;POLITICA3;TAREFA_CONCLUIDA;98928;2332417;7142;580628;2062630
1062459;POLITICA3;TAREFA_CONCLUIDA;98928;2332417;7142;580628;2062630
1062734;POLITICA3;TAREFA_CONCLUIDA;98928;2332417;7142;580628;2062630
1063506;POLITICA3;TAREFA_CONCLUIDA;98928;2332417;7142;580628;2062630
1063690;POLITICA3;TAREFA_CONCLUIDA;98928;2332417;7142;580628;2062630
1064658;POLITICA3;TAREFA_CONCLUIDA;98928;2332417;7142;580628;2062630
1065819;POLITICA3;TAREFA_CONCLUIDA;98928;2332417;7142;580628;2062630
1068294;POLITICA3;TAREFA_CONCLUIDA;98928;2332417;7142;580628;2062630
1068753;POLITICA3;TAREFA_CANCELADA;124512;2332417;5128;580628;2082695
1071486;POLITICA3;TAREFA_CONCLUIDA;98928;2332417;7142;580628;2062630
1072093;POLITICA3;TAREFA_CONCLUIDA;98928;2332417;7142;580628;2062630
1073839;POLITICA3;TAREFA_CONCLUIDA;98928;2332417;7142;580628;2062630
1074024;POLITICA3;TAREFA_CONCLUIDA;98928;2332417;7142;580628;2062630
1076332;POLITICA3;TAREFA_CONCLUIDA;98928;2332417;7142;580628;2062630
1076617;POLITICA3;TAREFA_CONCLUIDA;98928;2332417;7142;580628;2062630
1078094;POLITICA3;TAREFA_CANCELADA;124512;2332417;5128;580628;2082695
1078165;POLITICA3;TAREFA_CONCLUIDA;98928;2332417;7142;580628;2062630
1078251;POLITICA3;TAREFA_CONCLUIDA;98928;2332417;7142;580628;2062630
1079756;POLITICA3;TAREFA_CONCLUIDA;98928;2332417;7142;580628;2062630
1080386;POLITICA3;TAREFA_CONCLUIDA;98928;2332417;7142;580628;2062630
1081605;POLITICA3;TAREFA_CONCLUIDA;98928;2332417;7142;580628;2062630
1084400;POLITICA3;TAREFA_CONCLUIDA;98928;2332417;7142;580628;2062630
1084976;POLITICA3;TAREFA_CONCLUIDA;98928;2332417;7142;580628;2062630
1085385;POLITICA3;TAREFA_CANCELADA;124512;2332417;5128;580628;2082695
1085943;POLITICA3;TAREFA_CONCLUIDA;98928;2332417;7142;580628;2062630
1085994;POLITICA3;TAREFA_CONCLUIDA;98928;2332417;7142;580628;2062630
1086071;POLITICA3;TAREFA_CONCLUIDA;98928;2332417;7142;580628;2062630
1086841;POLITICA3;TAREFA_CONCLUIDA;98928;2332417;7142;580628;2062630
1087387;POLITICA3;TAREFA_CONCLUIDA;98928;2332417;7142;580628;2062630
2500156;POLITICA1;TAREFA_CONCLUIDA;704000;0;2500000;0;1063200
2500417;POLITICA1;TAREFA_CONCLUIDA;704000;0;2500000;0;1063200
2501610;POLITICA1;TAREFA_CONCLUIDA;704000;0;2500000;0;1063200
2505194;POLITICA1;TAREFA_CONCLUIDA;704000;0;2500000;0;1063200
2505983;POLITICA1;TAREFA_CONCLUIDA;704000;0;2500000;0;1063200
2505986;POLITICA1;TAREFA_CONCLUIDA;704000;0;2500000;0;1063200
2508665;POLITICA1;TAREFA_CONCLUIDA;704000;0;2500000;0;1063200
2509045;POLITICA1;TAREFA_CONCLUIDA;704000;0;2500000;0;1063200
2510302;POLITICA1;TAREFA_CONCLUIDA;704000;0;2500000;0;1063200
2510542;POLITICA1;TAREFA_CONCLUIDA;704000;0;2500000;0;1063200
2514935;POLITICA1;TAREFA_CONCLUIDA;704000;0;2500000;0;1063200
2519383;POLITICA1;TAREFA_CONCLUIDA;704000;0;2500000;0;1063200
2523494;POLITICA1;TAREFA_CONCLUIDA;704000;0;2500000;0;1063200
2525442;POLITICA1;TAREFA_CONCLUIDA;704000;0;2500000;0;1063200
2527012;POLITICA1;TAREFA_CONCLUIDA;704000;0;2500000;0;1063200
2527190;POLITICA1;TAREFA_CONCLUIDA;704000;0;2500000;0;1063200
2528684;POLITICA1;TAREFA_CONCLUIDA;704000;0;2500000;0;1063200
2530603;POLITICA1;TAREFA_CONCLUIDA;704000;0;2500000;0;1063200
2531034;POLITICA1;TAREFA_CONCLUIDA;704000;0;2500000;0;1063200
2531248;POLITICA1;TAREFA_CONCLUIDA;704000;0;2500000;0;1063200
2533749;POLITICA1;TAREFA_CONCLUIDA;704000;0;2500000;0;1063200
2534617;POLITICA1;TAREFA_CONCLUIDA;704000;0;2500000;0;1063200
2534960;POLITICA1;TAREFA_CONCLUIDA;704000;0;2500000;0;1063200
2535852;POLITICA1;TAREFA_CONCLUIDA;704000;0;2500000;0;1063200
2536270;POLITICA1;TAREFA_CONCLUIDA;704000;0;2500000;0;1063200
2536825;POLITICA1;TAREFA_CONCLUIDA;704000;0;2500000;0;1063200
2538426;POLITICA1;TAREFA_CONCLUIDA;704000;0;2500000;0;1063200
2540145;POLITICA1;TAREFA_CONCLUIDA;704000;0;2500000;0;1063200
2540799;POLITICA1;TAREFA_CONCLUIDA;704000;0;2500000;0;1063200
2541290;POLITICA1;TAREFA_CONCLUIDA;704000;0;2500000;0;1063200
2541704;POLITICA1;TAREFA_CONCLUIDA;704000;0;2500000;0;1063200
2542065;POLITICA1;TAREFA_CONCLUIDA;704000;0;2500000;0;1063200
2542238;POLITICA1;TAREFA_CONCLUIDA;704000;0;2500000;0;1063200
2543214;POLITICA1;TAREFA_CONCLUIDA;704000;0;2500000;0;1063200
2544269;POLITICA1;TAREFA_CONCLUIDA;704000;0;2500000;0;1063200
2544484;POLITICA1;TAREFA_CONCLUIDA;704000;0;2500000;0;1063200
2546682;POLITICA1;TAREFA_CONCLUIDA;704000;0;2500000;0;1063200
2546795;POLITICA1;TAREFA_CONCLUIDA;704000;0;2500000;0;1063200
2548624;POLITICA1;TAREFA_CONCLUIDA;704000;0;2500000;0;1063200
2549572;POLITICA1;TAREFA_CONCLUIDA;704000;0;2500000;0;1063200
2551153;POLITICA1;TAREFA_CONCLUIDA;704000;0;2500000;0;1063200
2551807;POLITICA1;TAREFA_CONCLUIDA;704000;0;2500000;0;1063200
2552259;POLITICA1;TAREFA_CONCLUIDA;704000;0;2500000;0;1063200
2553072;POLITICA1;TAREFA_CONCLUIDA;704000;0;2500000;0;1063200
2553664;POLITICA1;TAREFA_CONCLUIDA;704000;0;2500000;0;1063200
2555593;POLITICA1;TAREFA_CONCLUIDA;704000;0;2500000;0;1063200
2555848;POLITICA1;TAREFA_CONCLUIDA;704000;0;2500000;0;1063200
2556100;POLITICA1;TAREFA_CONCLUIDA;704000;0;2500000;0;1063200
2556152;POLITICA1;TAREFA_CONCLUIDA;704000;0;2500000;0;1063200
2556309;POLITICA1;TAREFA_CONCLUIDA;704000;0;2500000;0;1063200
2556507;POLITICA1;TAREFA_CONCLUIDA;704000;0;2500000;0;1063200
2557499;POLITICA1;TAREFA_CONCLUIDA;704000;0;2500000;0;1063200
2558549;POLITICA1;TAREFA_CONCLUIDA;704000;0;2500000;0;1063200
2558994;POLITICA1;TAREFA_CONCLUIDA;704000;0;2500000;0;1063200
2560344;POLITICA1;TAREFA_CONCLUIDA;704000;0;2500000;0;1063200
2560649;POLITICA1;TAREFA_CONCLUIDA;704000;0;2500000;0;1063200
2561143;POLITICA1;TAREFA_CONCLUIDA;704000;0;2500000;0;1063200
2561344;POLITICA1;TAREFA_CONCLUIDA;704000;0;2500000;0;1063200
2563253;POLITICA1;TAREFA_CONCLUIDA;704000;0;2500000;0;1063200
2566221;POLITICA1;TAREFA_CONCLUIDA;704000;0;2500000;0;1063200
2568370;POLITICA1;TAREFA_CONCLUIDA;704000;0;2500000;0;1063200
2570296;POLITICA1;TAREFA_CONCLUIDA;704000;0;2500000;0;1063200
2572464;POLITICA1;TAREFA_CONCLUIDA;704000;0;2500000;0;1063200
2572755;POLITICA1;TAREFA_CONCLUIDA;704000;0;2500000;0;1063200
2573817;POLITICA1;TAREFA_CONCLUIDA;704000;0;2500000;0;1063200
2574689;POLITICA1;TAREFA_CONCLUIDA;704000;0;2500000;0;1063200
2574964;POLITICA1;TAREFA_CONCLUIDA;704000;0;2500000;0;1063200
2575736;POLITICA1;TAREFA_CONCLUIDA;704000;0;2500000;0;1063200
2575920;POLITICA1;TAREFA_CONCLUIDA;704000;0;2500000;0;1063200
2576888;POLITICA1;TAREFA_CONCLUIDA;704000;0;2500000;0;1063200
2578049;POLITICA1;TAREFA_CONCLUIDA;704000;0;2500000;0;1063200
2580524;POLITICA1;TAREFA_CONCLUIDA;704000;0;2500000;0;1063200
2583716;POLITICA1;TAREFA_CONCLUIDA;704000;0;2500000;0;1063200
2584323;POLITICA1;TAREFA_CONCLUIDA;704000;0;2500000;0;1063200
2586069;POLITICA1;TAREFA_CONCLUIDA;704000;0;2500000;0;1063200
2586254;POLITICA1;TAREFA_CONCLUIDA;704000;0;2500000;0;1063200
2588562;POLITICA1;TAREFA_CONCLUIDA;704000;0;2500000;0;1063200
2588847;POLITICA1;TAREFA_CONCLUIDA;704000;0;2500000;0;1063200
2590395;POLITICA1;TAREFA_CONCLUIDA;704000;0;2500000;0;1063200
2590481;POLITICA1;TAREFA_CONCLUIDA;704000;0;2500000;0;1063200
2591986;POLITICA1;TAREFA_CONCLUIDA;704000;0;2500000;0;1063200
2592616;POLITICA1;TAREFA_CONCLUIDA;704000;0;2500000;0;1063200
2593835;POLITICA1;TAREFA_CONCLUIDA;704000;0;2500000;0;1063200
2596630;POLITICA1;TAREFA_CONCLUIDA;704000;0;2500000;0;1063200
2597206;POLITICA1;TAREFA_CONCLUIDA;704000;0;2500000;0;1063200
2598173;POLITICA1;TAREFA_CONCLUIDA;704000;0;2500000;0;1063200
2598224;POLITICA1;TAREFA_CONCLUIDA;704000;0;2500000;0;1063200
2598301;POLITICA1;TAREFA_CONCLUIDA;704000;0;2500000;0;1063200
2599071;POLITICA1;TAREFA_CONCLUIDA;704000;0;2500000;0;1063200
2599617;POLITICA1;TAREFA_CONCLUIDA;704000;0;2500000;0;1063200
